Id,SalePrice
1461,109617.375
1462,143950.17
1463,180878.25
1464,189797.53
1465,164799.17
1466,174981.03
1467,169201.4
1468,165901.6
1469,174684.45
1470,119043.7
1471,164371.77
1472,103455.25
1473,103689.47
1474,144518.72
1475,107016.41
1476,415880.94
1477,248546.5
1478,272832.4
1479,280820.88
1480,419492.88
1481,316687.88
1482,198231.78
1483,171143.44
1484,162596.56
1485,182143.66
1486,187984.28
1487,343865.62
1488,238782.6
1489,189723.22
1490,234321.78
1491,187498.12
1492,95020.34
1493,157510.36
1494,271615.25
1495,273927.88
1496,239427.44
1497,175558.05
1498,167635.34
1499,164728.06
1500,165636.95
1501,181179.06
1502,153408.75
1503,308439.3
1504,242379.6
1505,224705.81
1506,179723.5
1507,254263.67
1508,189883.61
1509,157414.14
1510,149257.16
1511,150406.08
1512,166579.95
1513,143425.75
1514,155426.0
1515,189927.28
1516,147309.78
1517,159801.84
1518,140451.14
1519,196708.11
1520,125086.18
1521,130866.305
1522,161616.4
1523,113141.6
1524,116365.22
1525,115090.82
1526,111368.516
1527,112774.625
1528,126504.37
1529,141151.77
1530,181055.95
1531,109645.43
1532,91553.08
1533,132944.17
1534,123041.36
1535,147044.62
1536,110793.17
1537,53996.76
1538,164831.31
1539,207884.5
1540,116363.57
1541,132150.88
1542,128321.97
1543,201959.66
1544,83620.75
1545,109173.484
1546,135864.02
1547,129346.86
1548,130219.56
1549,116135.984
1550,125975.17
1551,106863.61
1552,150868.45
1553,138899.55
1554,130590.305
1555,163708.28
1556,98344.97
1557,109624.164
1558,103873.73
1559,76631.08
1560,131753.83
1561,122745.92
1562,123391.57
1563,121380.91
1564,151434.84
1565,142474.81
1566,235232.06
1567,80956.34
1568,225356.2
1569,134008.34
1570,132224.67
1571,108856.766
1572,138243.53
1573,237832.72
1574,120957.18
1575,223672.4
1576,244977.33
1577,169766.66
1578,146884.28
1579,140649.55
1580,185182.7
1581,147392.45
1582,122979.33
1583,290143.6
1584,221785.22
1585,139024.12
1586,64582.254
1587,99179.92
1588,149375.02
1589,92695.73
1590,130272.625
1591,86616.67
1592,121342.625
1593,121084.02
1594,148823.95
1595,114224.305
1596,203211.61
1597,181110.73
1598,201143.11
1599,165462.1
1600,142966.4
1601,64567.42
1602,100343.695
1603,90884.73
1604,303796.1
1605,239822.88
1606,158548.98
1607,186847.02
1608,201049.97
1609,168547.02
1610,158557.31
1611,131401.28
1612,164684.61
1613,164115.66
1614,123116.19
1615,100481.37
1616,81754.3
1617,99321.23
1618,118539.99
1619,139460.02
1620,198939.3
1621,137482.55
1622,147549.88
1623,265997.56
1624,206600.1
1625,113723.02
1626,165302.66
1627,186729.48
1628,282808.8
1629,173020.56
1630,377991.44
1631,216811.03
1632,234337.9
1633,172719.14
1634,184410.86
1635,176447.69
1636,151546.88
1637,189592.75
1638,182708.27
1639,176100.16
1640,242553.81
1641,172907.34
1642,237515.19
1643,214581.55
1644,232744.31
1645,181025.92
1646,157028.4
1647,150084.25
1648,125678.09
1649,141442.11
1650,116046.28
1651,115386.77
1652,107379.2
1653,107584.44
1654,145239.81
1655,129413.234
1656,142409.95
1657,149151.66
1658,146436.73
1659,117518.01
1660,150626.16
1661,422779.38
1662,398688.94
1663,355852.7
1664,498236.56
1665,298669.7
1666,323903.66
1667,374721.72
1668,344258.88
1669,308859.25
1670,331086.56
1671,253508.88
1672,411555.6
1673,301151.62
1674,244550.31
1675,182030.62
1676,190533.47
1677,208139.0
1678,399836.88
1679,395793.97
1680,335971.12
1681,239305.47
1682,305512.94
1683,176719.16
1684,170953.22
1685,172704.61
1686,164886.31
1687,165908.88
1688,182018.69
1689,187091.4
1690,189168.19
1691,182450.7
1692,250903.56
1693,162480.95
1694,182076.11
1695,168622.98
1696,256120.23
1697,168415.81
1698,334693.12
1699,303230.75
1700,260864.03
1701,258397.28
1702,230834.06
1703,224870.48
1704,276799.25
1705,233696.22
1706,310330.47
1707,201006.25
1708,195004.14
1709,269197.2
1710,219662.17
1711,272732.25
1712,264766.38
1713,272493.75
1714,213810.44
1715,202100.05
1716,169128.05
1717,164771.25
1718,136447.86
1719,214895.28
1720,233409.67
1721,152773.92
1722,126301.734
1723,156186.66
1724,202370.02
1725,230984.69
1726,173959.98
1727,150811.62
1728,169674.55
1729,164237.64
1730,152136.17
1731,112514.625
1732,132968.4
1733,110777.17
1734,116170.2
1735,119699.94
1736,107373.9
1737,327488.34
1738,241711.75
1739,281938.8
1740,229086.47
1741,182473.64
1742,173271.1
1743,172274.9
1744,333591.5
1745,212979.69
1746,182873.0
1747,197923.25
1748,217652.39
1749,143399.48
1750,126041.17
1751,223812.33
1752,118351.8
1753,143126.31
1754,183483.06
1755,169853.22
1756,132680.84
1757,117295.47
1758,144074.34
1759,151125.86
1760,152230.36
1761,133116.45
1762,173210.8
1763,165226.03
1764,115230.0
1765,157771.55
1766,174150.4
1767,213293.0
1768,140743.05
1769,161381.38
1770,148899.05
1771,114738.62
1772,132406.44
1773,125743.5
1774,155127.36
1775,135371.44
1776,117668.375
1777,106551.92
1778,136654.0
1779,119214.266
1780,156743.9
1781,118597.69
1782,94990.14
1783,148207.86
1784,125918.414
1785,115962.39
1786,140740.92
1787,165569.62
1788,75782.42
1789,100711.12
1790,82891.81
1791,204931.88
1792,144449.4
1793,121227.95
1794,139508.05
1795,126751.25
1796,119175.63
1797,106914.27
1798,119006.16
1799,103711.734
1800,128247.484
1801,128256.57
1802,118099.84
1803,150481.95
1804,135771.47
1805,131363.69
1806,126182.58
1807,141772.3
1808,117663.45
1809,133886.88
1810,135101.0
1811,108304.18
1812,103886.8
1813,117425.555
1814,94866.17
1815,53551.34
1816,103304.66
1817,111616.16
1818,158744.16
1819,138396.97
1820,66784.836
1821,104984.45
1822,146465.95
1823,48984.527
1824,130268.805
1825,149029.9
1826,109586.16
1827,100877.17
1828,139037.6
1829,114174.05
1830,145271.05
1831,142488.88
1832,88813.45
1833,141273.11
1834,128862.63
1835,135453.69
1836,124756.61
1837,74079.69
1838,135363.77
1839,112683.27
1840,145825.03
1841,139636.31
1842,98646.46
1843,128019.19
1844,133589.81
1845,147847.78
1846,143760.25
1847,169135.7
1848,46758.246
1849,104741.68
1850,115740.484
1851,149434.64
1852,117833.99
1853,132366.97
1854,159410.69
1855,138567.84
1856,226406.36
1857,139213.75
1858,140601.95
1859,115527.7
1860,143511.28
1861,116549.18
1862,306902.84
1863,291721.9
1864,291742.1
1865,357024.25
1866,312168.9
1867,221788.56
1868,280882.5
1869,200216.8
1870,225202.81
1871,248867.5
1872,173455.23
1873,247113.36
1874,142946.03
1875,175668.56
1876,197904.94
1877,201593.9
1878,178676.03
1879,130480.14
1880,127965.55
1881,246994.97
1882,248359.25
1883,177660.36
1884,201263.6
1885,236031.95
1886,273469.2
1887,201989.55
1888,261031.31
1889,171301.42
1890,121073.38
1891,128097.62
1892,89490.39
1893,131290.0
1894,142805.75
1895,131845.72
1896,127108.3
1897,111141.83
1898,128035.305
1899,168800.9
1900,156012.58
1901,163866.61
1902,141289.84
1903,211590.72
1904,129244.19
1905,171727.5
1906,147910.38
1907,176130.47
1908,112669.89
1909,134088.27
1910,126249.234
1911,199520.22
1912,321136.44
1913,158328.83
1914,73712.05
1915,377623.34
1916,45684.27
1917,235814.6
1918,141335.95
1919,160404.53
1920,149742.38
1921,379933.25
1922,314119.94
1923,224435.7
1924,216765.17
1925,200793.05
1926,388196.94
1927,129391.35
1928,149018.64
1929,126507.84
1930,129500.58
1931,134301.3
1932,139553.23
1933,183209.81
1934,177337.33
1935,173278.48
1936,187546.72
1937,178401.11
1938,166662.9
1939,236386.47
1940,165134.14
1941,166989.14
1942,178195.52
1943,208714.14
1944,384231.62
1945,364254.12
1946,122272.125
1947,282218.62
1948,164232.97
1949,232916.69
1950,176095.16
1951,235800.53
1952,192583.5
1953,165463.44
1954,177554.62
1955,135280.03
1956,300508.94
1957,146415.84
1958,289324.06
1959,149637.28
1960,108802.8
1961,121203.26
1962,104465.68
1963,114683.86
1964,116303.945
1965,144202.55
1966,132189.77
1967,295218.38
1968,418008.88
1969,371303.12
1970,412251.22
1971,451584.44
1972,364619.25
1973,273846.56
1974,322026.84
1975,524313.5
1976,268533.0
1977,352879.12
1978,364608.12
1979,304743.88
1980,189671.98
1981,353803.6
1982,216372.88
1983,193777.38
1984,169454.47
1985,233217.67
1986,211908.61
1987,193149.98
1988,174680.69
1989,186472.47
1990,205596.03
1991,223882.06
1992,205481.12
1993,165245.98
1994,221245.05
1995,178084.69
1996,238726.81
1997,306399.47
1998,313886.72
1999,262814.53
2000,323160.62
2001,274130.88
2002,231512.06
2003,267473.72
2004,289141.88
2005,210341.16
2006,213392.97
2007,254143.86
2008,214133.38
2009,190721.98
2010,186249.36
2011,138622.27
2012,162258.2
2013,177089.08
2014,186356.45
2015,189021.84
2016,188444.84
2017,187808.89
2018,114383.336
2019,128514.305
2020,102334.61
2021,91963.8
2022,179538.72
2023,135859.56
2024,258079.4
2025,353925.75
2026,164207.33
2027,166949.22
2028,150571.22
2029,169563.25
2030,271401.78
2031,233734.83
2032,246501.34
2033,256917.03
2034,171332.44
2035,216633.0
2036,193160.12
2037,207505.4
2038,334473.56
2039,213483.06
2040,303748.7
2041,296346.9
2042,200907.72
2043,172591.92
2044,153035.19
2045,179042.5
2046,147230.28
2047,142963.22
2048,134514.03
2049,156095.6
2050,160902.08
2051,98179.07
2052,111198.984
2053,144133.92
2054,92928.68
2055,152624.5
2056,142231.16
2057,108870.2
2058,200875.38
2059,129709.54
2060,164645.75
2061,165020.64
2062,129610.34
2063,117851.875
2064,130538.06
2065,100192.67
2066,156447.61
2067,125277.234
2068,158499.86
2069,86326.47
2070,119678.4
2071,106379.64
2072,134103.22
2073,126938.9
2074,161765.16
2075,139976.6
2076,111913.21
2077,156300.6
2078,121373.47
2079,128481.61
2080,112950.95
2081,122990.84
2082,147091.27
2083,138246.84
2084,111686.9
2085,108882.91
2086,115343.95
2087,115722.25
2088,100392.11
2089,78858.34
2090,138341.72
2091,115956.22
2092,123777.7
2093,129912.19
2094,110745.984
2095,142854.94
2096,82023.06
2097,108991.75
2098,133125.78
2099,50347.086
2100,76281.46
2101,134486.22
2102,129853.125
2103,107828.375
2104,149939.14
2105,137868.75
2106,54315.94
2107,203284.56
2108,114800.18
2109,105605.03
2110,113065.44
2111,126911.99
2112,137942.92
2113,115065.17
2114,123589.625
2115,153912.16
2116,119496.93
2117,137747.03
2118,122723.32
2119,120026.375
2120,121526.76
2121,95361.19
2122,128952.02
2123,81388.17
2124,147279.75
2125,124797.55
2126,151888.86
2127,148947.88
2128,134583.67
2129,80383.0
2130,131665.33
2131,130069.97
2132,116909.625
2133,120247.33
2134,119244.8
2135,92298.28
2136,79810.984
2137,108918.06
2138,126934.29
2139,143208.11
2140,135804.31
2141,144311.1
2142,126382.914
2143,144521.45
2144,117043.03
2145,136792.38
2146,153940.72
2147,142695.88
2148,133473.66
2149,143406.89
2150,221510.94
2151,115683.61
2152,158003.19
2153,152147.12
2154,109560.97
2155,136893.11
2156,246575.36
2157,215025.34
2158,223641.61
2159,211443.52
2160,174041.33
2161,239272.25
2162,417947.06
2163,322987.28
2164,236206.25
2165,182695.38
2166,152195.06
2167,216692.38
2168,190547.61
2169,185990.67
2170,197722.78
2171,155841.02
2172,124020.8
2173,160721.3
2174,219252.84
2175,291489.78
2176,298554.62
2177,236412.23
2178,206644.17
2179,138897.97
2180,202388.6
2181,179267.31
2182,218421.27
2183,176432.1
2184,111083.375
2185,127271.0
2186,141116.36
2187,145648.97
2188,149254.31
2189,304510.7
2190,82733.484
2191,74489.805
2192,91363.79
2193,109813.39
2194,106163.91
2195,103088.125
2196,100887.41
2197,129196.39
2198,159546.23
2199,184680.61
2200,137987.84
2201,136627.89
2202,219702.47
2203,133564.22
2204,161363.52
2205,113847.34
2206,136856.64
2207,227133.56
2208,255559.9
2209,228706.33
2210,122485.36
2211,112524.34
2212,127612.78
2213,112620.62
2214,131973.95
2215,107103.08
2216,147701.25
2217,41177.168
2218,98447.39
2219,93987.375
2220,79382.12
2221,369657.53
2222,309162.0
2223,274585.88
2224,202603.12
2225,129387.76
2226,187064.02
2227,189405.38
2228,260116.33
2229,258923.9
2230,160430.98
2231,212086.78
2232,170462.4
2233,163380.84
2234,230652.19
2235,208902.0
2236,258241.97
2237,303890.25
2238,188653.34
2239,104771.71
2240,151688.02
2241,148371.36
2242,124406.5
2243,135260.78
2244,112785.5
2245,110673.79
2246,128543.88
2247,122918.97
2248,124809.32
2249,121459.234
2250,126141.16
2251,108232.445
2252,171853.36
2253,157351.67
2254,175697.19
2255,185264.56
2256,171052.64
2257,211958.0
2258,154885.78
2259,182069.75
2260,133246.28
2261,184904.81
2262,219071.84
2263,384336.75
2264,486171.16
2265,159984.84
2266,297375.75
2267,374031.7
2268,407615.66
2269,146422.02
2270,188550.64
2271,210506.69
2272,185619.73
2273,158945.31
2274,182771.88
2275,150304.4
2276,176183.38
2277,176638.84
2278,139846.11
2279,122269.17
2280,107917.914
2281,155768.45
2282,168391.03
2283,115614.45
2284,116828.92
2285,136977.69
2286,122469.8
2287,370012.25
2288,272754.8
2289,366231.97
2290,449745.03
2291,360929.62
2292,419087.12
2293,479992.0
2294,429575.12
2295,475261.88
2296,291039.3
2297,357606.5
2298,357834.25
2299,354494.9
2300,329844.88
2301,302263.72
2302,244929.22
2303,237196.06
2304,259095.19
2305,188537.34
2306,180689.36
2307,186627.4
2308,227400.47
2309,270174.72
2310,205580.84
2311,202296.23
2312,168147.36
2313,171261.86
2314,164891.31
2315,176964.52
2316,196643.62
2317,179284.28
2318,173327.5
2319,177919.77
2320,173269.1
2321,251438.55
2322,189373.61
2323,182123.81
2324,175935.73
2325,209692.56
2326,169989.66
2327,198476.19
2328,216606.78
2329,189664.78
2330,188561.73
2331,330214.44
2332,397428.06
2333,322246.06
2334,261007.28
2335,261981.53
2336,303648.94
2337,189344.14
2338,261620.42
2339,215468.86
2340,400775.16
2341,199476.6
2342,230576.36
2343,228222.67
2344,216943.88
2345,233694.97
2346,206820.75
2347,192954.1
2348,245627.02
2349,180212.64
2350,300989.4
2351,264588.88
2352,263056.25
2353,259551.19
2354,138972.06
2355,140209.58
2356,149000.45
2357,176122.34
2358,187380.05
2359,138369.31
2360,113580.34
2361,143959.69
2362,251440.7
2363,136592.72
2364,146745.64
2365,218518.1
2366,187856.88
2367,218841.36
2368,215086.5
2369,202260.25
2370,171474.4
2371,165290.66
2372,180102.73
2373,271158.5
2374,321282.5
2375,235165.42
2376,290948.3
2377,348572.34
2378,147790.81
2379,200208.28
2380,148374.02
2381,167698.47
2382,190716.69
2383,195835.95
2384,251589.88
2385,153699.62
2386,129545.23
2387,130758.516
2388,106876.586
2389,111192.555
2390,137076.66
2391,131989.72
2392,108712.84
2393,159847.5
2394,144637.19
2395,189177.62
2396,137467.5
2397,197463.6
2398,120502.484
2399,71771.25
2400,74305.72
2401,119152.89
2402,127478.54
2403,148947.19
2404,153449.06
2405,150035.94
2406,142296.58
2407,120720.6
2408,142838.3
2409,113229.234
2410,162869.22
2411,112569.28
2412,148271.69
2413,127179.91
2414,145734.19
2415,136202.14
2416,118899.555
2417,124996.04
2418,126987.84
2419,130668.91
2420,117579.36
2421,154276.5
2422,105928.25
2423,122515.33
2424,140005.84
2425,212891.83
2426,130674.516
2427,137709.7
2428,172318.39
2429,109110.09
2430,130078.06
2431,108636.484
2432,141315.33
2433,139888.61
2434,137279.72
2435,145508.67
2436,107753.71
2437,97418.11
2438,126801.31
2439,97248.73
2440,117523.93
2441,92709.08
2442,103214.05
2443,133634.06
2444,130495.45
2445,92742.69
2446,145158.34
2447,187912.4
2448,129599.38
2449,119095.2
2450,142985.53
2451,116826.195
2452,215951.19
2453,91052.25
2454,125189.484
2455,117570.484
2456,120379.125
2457,137238.38
2458,135060.2
2459,112978.766
2460,139932.05
2461,127374.39
2462,138893.62
2463,124475.06
2464,179402.16
2465,143303.53
2466,111478.8
2467,132902.95
2468,84736.31
2469,76065.984
2470,191858.08
2471,213005.45
2472,151460.53
2473,118624.66
2474,58846.43
2475,209026.62
2476,118105.43
2477,127111.11
2478,147658.56
2479,102808.234
2480,139522.14
2481,123891.09
2482,126573.42
2483,106102.58
2484,114295.91
2485,119718.2
2486,136876.36
2487,130506.64
2488,164631.66
2489,146095.28
2490,133470.1
2491,94686.336
2492,176079.81
2493,141552.52
2494,136396.16
2495,89247.34
2496,242333.2
2497,149880.06
2498,109454.77
2499,85152.266
2500,122340.62
2501,133883.1
2502,141768.3
2503,91247.14
2504,201183.56
2505,229040.39
2506,258540.75
2507,322107.22
2508,255882.19
2509,204256.81
2510,204630.97
2511,168048.03
2512,207783.73
2513,199223.31
2514,232661.19
2515,146727.08
2516,176655.1
2517,144994.14
2518,151212.84
2519,230384.25
2520,203760.05
2521,182389.44
2522,222876.9
2523,114432.04
2524,137626.36
2525,143094.2
2526,131915.08
2527,118634.2
2528,122438.59
2529,132159.22
2530,126614.18
2531,249272.0
2532,224393.44
2533,191179.11
2534,213241.92
2535,292309.2
2536,223664.62
2537,245646.53
2538,175527.88
2539,177868.38
2540,167437.62
2541,178236.03
2542,166345.4
2543,120268.75
2544,109209.88
2545,125114.64
2546,115272.31
2547,137770.9
2548,163551.95
2549,167442.66
2550,79777.12
2551,137560.06
2552,127232.12
2553,76383.125
2554,101835.016
2555,121925.18
2556,98635.516
2557,99864.94
2558,25064.822
2559,130901.54
2560,157855.95
2561,151689.83
2562,146609.77
2563,159199.97
2564,194411.84
2565,137419.27
2566,153469.27
2567,132158.9
2568,199674.3
2569,213503.97
2570,118493.12
2571,182689.97
2572,136616.0
2573,192640.08
2574,281917.75
2575,125773.34
2576,121847.66
2577,145888.03
2578,96061.51
2579,57534.633
2580,129169.55
2581,124300.39
2582,128081.11
2583,312886.28
2584,164883.19
2585,180127.52
2586,220384.0
2587,185882.11
2588,137051.86
2589,144538.62
2590,197922.06
2591,212754.4
2592,213168.34
2593,234994.2
2594,163210.03
2595,193697.47
2596,283355.62
2597,170298.4
2598,284337.0
2599,339761.56
2600,192945.58
2601,129542.336
2602,89694.59
2603,106310.29
2604,98821.266
2605,83020.414
2606,145319.5
2607,214520.9
2608,182835.72
2609,166532.39
2610,113532.625
2611,116379.516
2612,150342.34
2613,132589.03
2614,126615.15
2615,149827.78
2616,135836.94
2617,168199.53
2618,166955.44
2619,185898.53
2620,187866.69
2621,172946.47
2622,181360.97
2623,243275.66
2624,312534.16
2625,300980.7
2626,167321.84
2627,153137.58
2628,526040.9
2629,546195.75
2630,405930.66
2631,500271.4
2632,480419.84
2633,300620.7
2634,392716.6
2635,156360.73
2636,173693.81
2637,164613.33
2638,261350.11
2639,183643.78
2640,149617.4
2641,107896.31
2642,172469.1
2643,110968.734
2644,119410.15
2645,116700.05
2646,103000.8
2647,114982.89
2648,136659.69
2649,147418.06
2650,126537.57
2651,145093.94
2652,426112.88
2653,253608.5
2654,260995.16
2655,398995.78
2656,336237.38
2657,371295.22
2658,330135.2
2659,320606.12
2660,376750.25
2661,368214.12
2662,350816.44
2663,280495.44
2664,264810.16
2665,331226.38
2666,274515.03
2667,169383.72
2668,171328.12
2669,172887.1
2670,293881.25
2671,176673.25
2672,200090.7
2673,208921.05
2674,198926.83
2675,175597.36
2676,183610.9
2677,191231.08
2678,272126.84
2679,268960.44
2680,285590.94
2681,407575.22
2682,312656.25
2683,551660.94
2684,303969.7
2685,318682.16
2686,260901.34
2687,302268.25
2688,212145.19
2689,204572.66
2690,398041.7
2691,182303.64
2692,138038.9
2693,197675.03
2694,132920.06
2695,187024.44
2696,181307.23
2697,184495.3
2698,180257.56
2699,167228.06
2700,152166.8
2701,155317.48
2702,107292.984
2703,121357.766
2704,130870.61
2705,108032.05
2706,103700.56
2707,122605.34
2708,127057.19
2709,102052.42
2710,120079.34
2711,369407.8
2712,377757.34
2713,161317.58
2714,157061.5
2715,170306.88
2716,151211.92
2717,183137.39
2718,207690.88
2719,155143.56
2720,160470.56
2721,133617.77
2722,154014.66
2723,135520.69
2724,134099.9
2725,132118.55
2726,150948.73
2727,158869.02
2728,166625.6
2729,147871.27
2730,141297.88
2731,128747.08
2732,128105.44
2733,150031.47
2734,134282.45
2735,137049.75
2736,141651.38
2737,116434.65
2738,138070.19
2739,154132.38
2740,134192.36
2741,142768.97
2742,151223.14
2743,151145.03
2744,155636.17
2745,135357.38
2746,139918.25
2747,143146.16
2748,123511.98
2749,119314.33
2750,121450.47
2751,130451.89
2752,191124.22
2753,144199.88
2754,232213.6
2755,134719.38
2756,110610.305
2757,63406.38
2758,106301.56
2759,166086.92
2760,131077.56
2761,147236.56
2762,140315.05
2763,173091.11
2764,132303.47
2765,280384.06
2766,128561.016
2767,83408.04
2768,138893.97
2769,129102.836
2770,128920.984
2771,105665.08
2772,113727.375
2773,179580.28
2774,137808.11
2775,119769.305
2776,139494.5
2777,135916.94
2778,114449.2
2779,132000.66
2780,84738.34
2781,105072.734
2782,90777.14
2783,105405.11
2784,120659.97
2785,136797.44
2786,69257.055
2787,116412.586
2788,74821.66
2789,174111.56
2790,113509.836
2791,98703.445
2792,63201.965
2793,158062.84
2794,93537.04
2795,125107.71
2796,107488.42
2797,184621.0
2798,101565.65
2799,120031.234
2800,67734.375
2801,104269.43
2802,120462.86
2803,159011.05
2804,125834.66
2805,111369.695
2806,82387.59
2807,156717.45
2808,146046.48
2809,123051.93
2810,123061.69
2811,155549.66
2812,151431.4
2813,181275.34
2814,171471.75
2815,104467.95
2816,222912.08
2817,140001.89
2818,131829.6
2819,162909.25
2820,139374.56
2821,110577.016
2822,181050.4
2823,360832.5
2824,175666.31
2825,140626.88
2826,131270.2
2827,131106.66
2828,204097.38
2829,189024.8
2830,226208.03
2831,166954.1
2832,246993.11
2833,301342.75
2834,230722.12
2835,219472.5
2836,188120.88
2837,149445.1
2838,148163.6
2839,176880.84
2840,195596.66
2841,192600.52
2842,225881.56
2843,153934.69
2844,164126.88
2845,122634.766
2846,202468.45
2847,199743.64
2848,212696.52
2849,189489.06
2850,278166.4
2851,197772.48
2852,217770.69
2853,234375.42
2854,140008.38
2855,192018.94
2856,197542.53
2857,183250.8
2858,198524.22
2859,110442.95
2860,124303.22
2861,120676.26
2862,184625.14
2863,129498.78
2864,253300.27
2865,136760.34
2866,142506.17
2867,102751.445
2868,100388.63
2869,99889.85
2870,125101.32
2871,77066.43
2872,44712.902
2873,102358.33
2874,137489.73
2875,111077.17
2876,166041.97
2877,150794.88
2878,168763.22
2879,140056.06
2880,102361.17
2881,150704.47
2882,161817.17
2883,182591.6
2884,193965.58
2885,176285.95
2886,221534.58
2887,96429.11
2888,136124.06
2889,54524.79
2890,84729.03
2891,138827.66
2892,43299.383
2893,91961.89
2894,59582.86
2895,381985.56
2896,288171.9
2897,197431.56
2898,150061.33
2899,202063.66
2900,161118.94
2901,187394.84
2902,172647.81
2903,316182.84
2904,336939.12
2905,84130.72
2906,191682.97
2907,118821.3
2908,132488.75
2909,153711.75
2910,83257.664
2911,89580.89
2912,144076.64
2913,82567.3
2914,81337.92
2915,92220.37
2916,84553.38
2917,161822.58
2918,117790.016
2919,217630.12
